0 1 1 0.20 0.05 2.5   3.0 3.0 3.0 2.0 2.5 2.5 1.0
1 0 1 0.20 0.05 2.5   3.0 3.0 2.0 2.5 2.5 1.0 2.0
1 0 0 0.20 0.10 2.5   3.0 2.0 2.5 2.5 1.0 2.0 2.5
0 0 0 0.20 0.15 2.5   2.0 2.5 2.5 1.0 2.0 2.5 1.0
0 0 0 0.20 0.15 2.5   2.5 2.5 1.0 2.0 2.5 1.0 2.0
1 0 0 0.20 0.15 2.5   2.5 1.0 2.0 2.5 1.0 2.0 2.5
0 0 0 0.20 0.20 2.5   1.0 2.0 2.5 1.0 2.0 2.5 2.5
0 0 0 0.20 0.20 2.5   2.0 2.5 1.0 2.0 2.5 2.5 2.5
0 0 0 0.20 0.20 2.5   2.5 1.0 2.0 2.5 2.5 2.5 3.0
0 0 0 0.20 0.20 2.5   1.0 2.0 2.5 2.5 2.5 3.0 1.0
0 0 0 0.20 0.20 2.5   2.0 2.5 2.5 2.5 3.0 1.0 2.0
0 0 0 0.20 0.20 2.5   2.5 2.5 2.5 3.0 1.0 2.0 2.5
0 1 1 0.10 0.25 2.5   2.5 2.5 3.0 1.0 2.0 2.5 2.5
0 0 1 0.10 0.25 2.5   2.5 3.0 1.0 2.0 2.5 2.5 2.5
0 0 1 0.10 0.25 2.5   3.0 1.0 2.0 2.5 2.5 2.5 2.5
0 0 1 0.10 0.25 2.5   1.0 2.0 2.5 2.5 2.5 2.5 1.0
0 0 1 0.10 0.25 2.5   2.0 2.5 2.5 2.5 2.5 1.0 2.5
0 0 0 0.10 0.30 2.5   2.5 2.5 2.5 2.5 1.0 2.5 3.0
0 0 0 0.10 0.30 2.5   2.5 2.5 2.5 1.0 2.5 3.0 0.5
1 0 0 0.10 0.30 2.5   2.5 2.5 1.0 2.5 3.0 0.5 2.5
0 0 0 0.10 0.30 2.5   2.5 1.0 2.5 3.0 0.5 2.5 2.0
0 1 1 0.15 0.35 2.5   1.0 2.5 3.0 0.5 2.5 2.0 2.5
1 0 1 0.15 0.35 2.5   2.5 3.0 0.5 2.5 2.0 2.5 2.0
0 0 0 0.15 0.40 2.5   3.0 0.5 2.5 2.0 2.5 2.0 2.5
1 0 0 0.15 0.40 2.5   0.5 2.5 2.0 2.5 2.0 2.5 3.0
0 0 0 0.15 0.45 2.5   2.5 2.0 2.5 2.0 2.5 3.0 0.5
1 0 0 0.15 0.45 2.5   2.0 2.5 2.0 2.5 3.0 0.5 2.5
0 0 0 0.15 0.45 2.5   2.5 2.0 2.5 3.0 0.5 2.5 2.0
0 1 1 0.10 0.50 2.5   2.0 2.5 3.0 0.5 2.5 2.0 0.5
1 0 1 0.10 0.50 2.5   2.5 3.0 0.5 2.5 2.0 0.5 2.5
0 0 1 0.10 0.50 2.5   3.0 0.5 2.5 2.0 0.5 2.5 2.5
0 0 0 0.10 0.55 2.5   0.5 2.5 2.0 0.5 2.5 2.5 2.5
0 0 0 0.10 0.55 2.5   2.5 2.0 0.5 2.5 2.5 2.5 3.0
0 0 0 0.10 0.55 2.5   2.0 0.5 2.5 2.5 2.5 3.0 0.5
0 0 0 0.10 0.55 2.5   0.5 2.5 2.5 2.5 3.0 0.5 2.5
0 0 0 0.10 0.55 2.5   2.5 2.5 2.5 3.0 0.5 2.5 0.5
0 1 1 0.20 0.60 2.5   2.5 2.5 3.0 0.5 2.5 0.5 2.5
1 0 1 0.20 0.60 2.5   2.5 3.0 0.5 2.5 0.5 2.5 2.5
0 0 0 0.20 0.65 2.5   3.0 0.5 2.5 0.5 2.5 2.5 2.5
0 0 0 0.20 0.65 2.5   0.5 2.5 0.5 2.5 2.5 2.5 2.5
0 0 0 0.20 0.65 2.5   2.5 0.5 2.5 2.5 2.5 2.5 0.5
0 0 0 0.20 0.65 2.5   0.5 2.5 2.5 2.5 2.5 0.5 2.5
0 0 0 0.20 0.70 2.5   2.5 2.5 2.5 2.5 0.5 2.5 0.5
0 0 0 0.20 0.70 2.5   2.5 2.5 2.5 0.5 2.5 0.5 2.0
1 0 0 0.20 0.70 2.5   2.5 2.5 0.5 2.5 0.5 2.0 2.5
0 0 0 0.20 0.75 2.5   2.5 0.5 2.5 0.5 2.0 2.5 2.5
0 0 0 0.20 0.75 2.5   0.5 2.5 0.5 2.0 2.5 2.5 2.5
0 0 0 0.20 0.75 2.5   2.5 0.5 2.0 2.5 2.5 2.5 3.0
0 0 0 0.20 0.75 2.5   0.5 2.0 2.5 2.5 2.5 3.0 0.5
0 0 0 0.20 0.75 2.5   2.0 2.5 2.5 2.5 3.0 0.5 2.5
0 0 0 0.20 0.75 2.5   2.5 2.5 2.5 3.0 0.5 2.5 2.5
0 1 1 0.10 0.80 2.5   2.5 2.5 3.0 0.5 2.5 2.5 2.5
0 0 1 0.10 0.80 2.5   2.5 3.0 0.5 2.5 2.5 2.5 2.5
0 0 1 0.10 0.80 2.5   3.0 0.5 2.5 2.5 2.5 2.5 1.0
0 0 1 0.10 0.80 2.5   0.5 2.5 2.5 2.5 2.5 1.0 2.5
0 0 0 0.10 0.85 2.5   2.5 2.5 2.5 2.5 1.0 2.5 3.0
0 0 0 0.10 0.85 2.5   2.5 2.5 2.5 1.0 2.5 3.0 0.5
1 0 0 0.10 0.85 2.5   2.5 2.5 1.0 2.5 3.0 0.5 2.0
0 0 0 0.10 0.85 2.5   2.5 1.0 2.5 3.0 0.5 2.0 2.5
0 1 1 0.15 0.90 2.5   1.0 2.5 3.0 0.5 2.0 2.5 2.0
0 0 1 0.15 0.90 2.5   2.5 3.0 0.5 2.0 2.5 2.0 2.5
1 0 1 0.15 0.90 2.5   3.0 0.5 2.0 2.5 2.0 2.5 0.5
0 0 0 0.15 0.95 2.5   0.5 2.0 2.5 2.0 2.5 0.5 0.5
1 0 0 0.15 0.95 2.5   2.0 2.5 2.0 2.5 0.5 0.5 2.5
0 0 0 0.15 0.95 2.5   2.5 2.0 2.5 0.5 0.5 2.5 3.0
0 0 0 0.15 1.00 2.5   2.0 2.5 0.5 0.5 2.5 3.0 3.0
1 0 0 0.15 1.00 2.5   2.5 0.5 0.5 2.5 3.0 3.0 3.0
0 0 0 0.15 1.00 2.5   0.5 0.5 2.5 3.0 3.0 3.0 3.0
